65
1000000000000 1 1
9 10 9259928947805118
7 12 6439637337963783
9966606336937688 9740005473217677 583445907010364
2 2 9825445613196928
2 3 2
4 4 1760792368134037
6 9 2903294259185990
8272 10247 5338458442301888
4 6 2271224666368145
9334 14595 5458585253152592
80006 121046 2203488461171151
10 13 11234567890
9545048558841825 6899255672076999 9272818149758853
59617 76399 8216425361382011
99838 101928 3638110057611840
650920191250544 3690753017565881 4021727189586015
1 1 3771679948420674
5089 7407 1785197717173513
314 512 133769420
1 1 7851116204037232
3865717696012301 6136029900710052 3321279115901350
10 10 4042027009034951
37177 52260 3627623246300954
74036 112850 549053549625598
3 5 840843200459482
1 1 1000000000000
52245 85277 3528041057867931
5 1 100
2 2 1081292147434158
64922 110795 4504704366599950
9 9 2395440648063235
10 13 3337041873753082
1 3 100
7 7 6977204123379581
8025714536856354 9903000027803061 904922510325972
63664 95087 9775891537969006
74116 111994 1493371909130523
6 6 3465509398779757
4 4 4198590241362000
9706554173387903 5097740681849255 2095245244912381
1 1000000000000 1000000000000
4175966084693454 5040165207533386 1846283425419327
2 3 9429605562755370
60280 106158 382504020903546
5 9 2462869142646418
1000000000000 1 1000000000000
2 3 5
9 17 7379218941168776
3626621529746551 3995165959615617 3319701929960343
2 3 1
6 9 497087563
259149987802241 6689368820300403 3534721002568495
10 13 8839845532190096
7861 11257 5477539912208008
48878 70096 1422160026469748
725831654114702 4541733210835335 2742887072719959
5 9 9152845331581750
19716 29416 841088842498107
314 512 1024
5 7 4495587747091262
26597 37816 4245730305851899
1 1000000000000 1
13973 26419 3513626523439425
2407 4810 850600912749360
